title,department,location,posting_date,remote,region,url
Channel Partnerships Delivery Manager,,,,No,,https://servicetitan.wd1.myworkdayjobs.com/en-US/ServiceTitan/job/US-Remote/Channel-Partnerships-Delivery-Manager_JR112181
"Senior Workday Engineer, Automation",,,,No,,https://servicetitan.wd1.myworkdayjobs.com/en-US/ServiceTitan/job/US-Remote/Senior-Workday-Engineer--Automation_JR112912
"Manager, Customer Community",,,,No,,https://servicetitan.wd1.myworkdayjobs.com/en-US/ServiceTitan/job/Canada-British-Columbia-Remote/Manager--Customer-Community_JR113407
Lead Salesforce Developer,,,,No,,https://servicetitan.wd1.myworkdayjobs.com/en-US/ServiceTitan/job/US-Remote/Senior-Salesforce-Developer_JR112655
Executive Social Media Manager,,,,No,,https://servicetitan.wd1.myworkdayjobs.com/en-US/ServiceTitan/job/Canada-British-Columbia-Remote/Executive-Social-Media-Manager_JR113408
Talent Program Manager,,,,No,,https://servicetitan.wd1.myworkdayjobs.com/en-US/ServiceTitan/job/Canada-Remote/Talent-Program-Manager_JR113314
"Solutions Engineer, Enterprise",,,,No,,https://servicetitan.wd1.myworkdayjobs.com/en-US/ServiceTitan/job/Glendale-CA/Solutions-Engineer--Enterprise_JR113460
Senior Product Designer(Fixed Term Contract),,,,No,,https://servicetitan.wd1.myworkdayjobs.com/en-US/ServiceTitan/job/Yerevan-Armenia/Senior-Product-Designer_JR113477
